0.02104313799305685 0.9916763849601192 -0.49977804704395007 0.49993810285530466 0.49993895269939803 -0.49954211431747364 -0.49738475470423843 -0.49997755984173403
0.021046249401442674 0.9916763834029703 0.42951785494665884 -0.14837468779650545 0.14591869483785797 -0.4995839523824248 0.29189105768851 0.464607594773907
0.021050691474616724 0.9916763826243957 -0.4971015429499794 -0.05285836405706922 0.4988975443069216 0.09934286516032462 -0.49999139241240625 0.43877189821960305
0.021061839427710526 0.9916763791208104 -0.4920740087135089 -0.2100240560534542 0.4093754479451885 0.14154451163188383 -0.49997231479591553 0.20581247832159066
0.02106405406654746 0.9916763767850869 0.10330957908145419 0.49836406469753136 0.4944244093176297 0.41182248431806395 -0.49816049344035274 0.32507899682690966
0.021064136067202012 0.9916763760065125 0.49999867894292904 0.45128177102578704 0.15063132701971452 -0.4955533257689415 0.4997905216415811 0.4373154762544351
0.02109059630722445 0.9916762035522603 0.10155909815362496 0.49848983899486055 -0.01675997139856298 -0.49997457528023215 0.01105351435770996 0.08892164291216552
0.021135525531033882 0.9916761708521312 0.1474997458250828 -0.061018287621798735 0.24850339013650788 -0.49999353404009206 0.13067887410334142 0.027683764135731218
0.021139432098633004 0.9916754786993989 0.1130664324163611 -0.49696968361744276 -0.07580642220189923 -0.4999613498060083 0.3724552243941336 0.07540608106348945
0.021140251282792684 0.9916752731557303 0.49982291025409875 -0.348203816539332 -0.17354139528073984 -0.49997015277473633 0.4543613055873516 0.062038992679695315
0.021157639730876233 0.9916729884288542 -0.35311610735451304 -0.22296394437391245 -0.2509228733744667 -0.48101468607106224 0.41248449369578294 0.4531880500778521
0.021906136203039002 0.991655832150415 0.15142535239921362 -0.36017971348956507 0.4999989779308409 -0.4860857482783969 -0.36671706015579836 -0.1679015034093717
0.022274910410811574 0.9916504845114478 -0.09881930373844439 -0.4998680597965258 0.21403849700087152 -0.24388173606724045 -0.49943298996817503 -0.22328501570074563
0.023561456741224646 0.9915615125209423 0.15008709111863547 0.05562627534323997 0.17379711411635423 -0.4759228407054586 0.17978467797756004 0.09632283762561414
0.028237454540715447 0.9914423092610979 0.12667478060677173 -0.49534445874400035 0.3574713223834163 0.0212824843361477 -0.49962787510777007 -0.23788286758117272
0.028400850506004598 0.9913929231125731 -0.2155305339037878 -0.21635551810364814 -0.4943464762520035 -0.4998374528332734 0.12340349062402657 -0.2513971371512872
0.03011807662384879 0.9913596990028484 0.17582316376446122 -0.49630566626834083 0.02732028147917181 -0.22789051512833797 -0.48014664656481365 -0.14331614848381752
0.03038152758462794 0.9912629716317283 0.4955756554029862 0.4974122763513301 -0.024757421688533232 0.4348372258795016 -0.4698592976111373 -0.011648574002254941
0.03194261148673092 0.9911566249726357 -0.4339254366450344 -0.08431077423204089 -0.49998753204892243 -0.49999995246777396 0.2910709816298311 -0.16123410879355124
0.03661110359673144 0.9909743217529878 -0.4999300734393312 0.486455603818965 -0.30374051743573527 0.3932750863380582 -0.49962230833172333 -0.1001595656163104
0.03846140585515772 0.990957964681275 -0.4941145401498056 -0.3910490688241248 0.49907947203695935 0.37961288809968025 -0.49926989892815765 -0.2548392062881262
0.042366874473119945 0.990883083332107 0.052009354154997516 -0.238419406342567 0.26313388564292406 0.4390501983607749 -0.49925636325605266 -0.13232431017730684
0.04283692674754328 0.9908026005286843 0.24784223849747078 -0.4991963120825021 0.49974893390526315 0.4999975087693405 -0.4999728879010169 -0.20948157630073155
0.044038333076707695 0.9907678001948802 0.12264626293554241 -0.49995780582274185 -0.025448547795658444 -0.499919906805996 0.49991226301469616 -0.26824375614353946
0.04934549707222634 0.9905918049858478 0.12689628773560485 0.11957360166267944 -0.09109649170318605 -0.4936590047568431 0.4832446303666348 -0.19934069884127706
0.05128860949498598 0.9904554197546056 -0.49919490915432796 0.32863152525936434 0.4989658501716407 0.4998535036480591 -0.48644985816124936 -0.1928822871015195
0.05353368175269644 0.9903433299406988 0.17671213176209863 0.49550113968374093 0.384898679780961 -0.4989530013664739 -0.04474553127370612 -0.36210732188318956
0.07097907111383461 0.9897269153788111 -0.4787382067159147 0.12023379093981712 0.4439912679204294 -0.451782041429974 -0.16008146424828418 0.3330784707020087
0.07212451233214809 0.989713278257121 -0.33713927404206834 -0.06740745374891134 -0.4999984546121969 -0.45442030933108024 0.4158445224643399 -0.04429489254278382
0.07330745592656362 0.9896848482198926 -0.34901424858155106 -0.29071641023792527 -0.23721130532352544 -0.4512821940199113 0.41447212799490396 -0.08089397258409368
0.07589258794591494 0.9896208789816576 -0.4767165002433471 0.499115165748059 -0.07633464312068836 -0.4681504229191036 0.49504814359143484 -0.13067016445158638
0.0821521981734194 0.9892474193716995 -0.4617908544262497 0.494290813086161 0.4543043291568864 -0.4959757036050833 0.28530638545716624 -0.3083039938676376
0.10179020296206209 0.9888454331812746 0.4985654221149266 -0.11834899071676729 0.2112923093849266 -0.4360918331226152 0.29207225269355724 0.43551829392702696
0.10568632584983532 0.9887670809469767 0.38102129257077666 0.4212573561776989 0.07711090324382908 -0.4363635043437124 -0.08220765480116088 0.014973517515964208
0.12638093346261522 0.9885514126956193 -0.4088653162914574 0.1386333085920039 -0.26631538594005283 -0.45487647149684507 0.3625844652802752 -0.15119188755272528
0.13662022639325536 0.9879780462965227 0.1819563836312516 0.13229228826971332 0.03207644845401194 -0.4304804802697125 0.44522621683514896 0.4813630314418442
0.13798909886886412 0.9879453247566391 0.018152064707980427 0.2538730197279495 -0.18804601600229218 -0.39993802403907186 -0.43063097268960854 -0.48413500890587424
0.14948602455898935 0.9877345844925923 -0.2218216685284966 -0.030660845079117715 -0.45049393131887255 -0.24899396030408327 -0.43901225080822937 -0.44555690956315974
0.15723398064283486 0.987695036411475 -0.497576060422321 -0.2705740109835387 0.16484437809889116 0.3734156576074545 -0.4381468141362887 -0.12851868108225822
0.1729982902804445 0.9871433155513963 0.49984001770552067 0.057714198189398436 -0.49830812125300183 0.4998357829364055 -0.41702655619165746 0.48782341609749347
0.17308688867427918 0.9871433023156297 -0.061477111655807534 0.49739332261256625 -0.3793712692257437 0.4953441947048425 -0.42378353896161425 0.14990949041676563
0.1732477509900026 0.9871428783818135 0.18815222527487768 0.08424029848452469 -0.013734336553357212 -0.4176805578827204 -0.3258828334376464 -0.08862602305525903
0.20621830249210013 0.9863064534585706 0.49999251647680126 0.4781080896362854 -0.4994730921377446 -0.41417824272242354 0.4000850411972659 0.49984384893985206
0.20980338264536397 0.9862731631700132 0.22304209271260111 -0.16484595526266344 -0.09662303466384492 -0.40718369210715233 -0.042471318637144595 -0.05385091195026259
0.220271674835612 0.986088453765867 -0.4781510557454772 -0.22541606742078985 0.2235329534145591 0.11940507175969961 -0.4154015170984702 -0.19315760579275726
0.22863201391400959 0.9858147587461613 -0.10316405636353085 -0.17865410817714328 -0.4553697057132986 -0.41768143054923307 0.23528495426647228 -0.2824627749119457
0.24189617680092504 0.9855341297419408 -0.026600694977817342 -0.12567267980893115 0.03624681559070855 -0.24352026998685675 -0.4115583970181398 -0.4969171251613114
0.2644436249756278 0.9847727239755527 0.1843744279119955 0.3317657900281391 -0.1435720198548826 0.49995925132308405 -0.4106482733679375 -0.25321613664375536
0.2718345425862079 0.9846976304648329 -0.25199216191343576 -0.19608486892295407 0.3244533583261606 0.0663688918643105 -0.38588688216758527 0.40152148552734135
0.2718381843420509 0.9846975907575334 -0.4998079576083061 -0.01321231051223171 -0.29140657119735497 -0.393991430775554 0.3135564659621416 0.11465875480847917
0.29830675046520677 0.983940796877208 0.22678128619984106 -0.30040992605243066 0.08362368758929084 -0.38209003977484346 -0.36202278415030964 0.1486665606467329
0.3272259760520392 0.9831461623296484 -0.10896484026304554 0.4978269993347348 -0.24532805096896632 -0.10749423266901978 -0.3681577521367119 0.23596451868860716
0.32891741698127613 0.9831047768127062 0.034649959365844196 0.05319298489317682 0.4973341896665118 0.1302455555830993 -0.3677178815565137 -0.059308725400266965
0.35313766348114406 0.9823100270361202 -0.3719492920249726 -0.20475107208461138 -0.2606881983716592 -0.35614091407934406 0.32339750893542357 -0.0023677356039704875
0.3706681833108889 0.9817152330988663 0.48637899933254064 -0.07269563934626705 -0.29926043270666425 0.48414833147877057 -0.3532251458503092 0.2562797237918633
0.3834569071381566 0.9811736917111143 -0.4951947480437028 0.475097448678784 -0.07788084878881596 -0.3537415963828113 0.20418229806241123 -0.22926141276878853
0.3890974340077932 0.9809796740595091 0.03994601358464918 0.499605295440584 -0.06795583090269063 0.4923391785061437 -0.3430808525399483 0.3008687908454371
0.3895064437830507 0.9809481822780515 -0.044937322946240504 0.12005172119613103 -0.2663603993426981 -0.3437461377635622 -0.22457568259207453 -0.22941707732793015
0.4055280551687864 0.9803079456721254 0.08785067086946885 0.22682606558454566 -0.014526366401192092 -0.34315057221070877 0.2073034607005152 -0.15329455143840376
0.40878419316457004 0.9801710617639147 -0.3814463042845807 0.49386636818298957 -0.17043936676556892 -0.3385165478258314 0.24672101637796162 -0.18711446988405533
0.4271346116845532 0.9791370918572853 0.392460549241935 -0.1641432497776042 -0.14027448812939025 0.48465437327158006 -0.3313452264209812 -0.12799294138073025
0.4325734606746015 0.9789224209598649 -0.2248857336402353 0.36265240751898664 -0.3211144549326965 -0.20901342573825105 -0.30760225792019263 0.32235866874964614
0.4325930732799712 0.9789222854879016 -0.14785286600791436 0.4469918587807584 -0.31364808592493004 0.11443250085694634 -0.30603248147887957 0.2533322890271104
0.43850413094349 0.9784729502891365 0.058121991178115895 -0.49862357986633804 0.4993106861501075 0.47571580152633813 -0.31693498345662807 -0.11203768234514697
0.453385790980418 0.9774621075488023 0.2770146837469878 -0.4534359753267019 0.07705480986523372 0.2442383179074692 -0.32231603191858815 -0.32160384012510346
0.46943171657788396 0.9769319294559072 0.35621142258264005 -0.00044750108411151235 0.41153930653637183 -0.28213933469177566 0.23459271406611548 0.4737554119887665
0.4694581697376575 0.9769317025014399 0.4989063743850294 -0.1876254185110252 0.20207963354728206 -0.27645491143199097 -0.23079503796110923 -0.04504923395933936
0.4697688974229145 0.9769193535312634 -0.4673294706481177 -0.0793848794050761 0.09319892902881499 0.34428076473870883 -0.28229244032903367 0.05229558372698673
0.47789030071478705 0.976276489236393 0.4999256767280614 -0.4998817479462624 -0.4999982700109947 -0.26809163334567876 0.3323735268200738 0.4977975017254399
0.4779057463215933 0.9762760707525981 0.3739531977187277 0.34567291406358003 0.38103532503334825 -0.2720654037806264 -0.024535586238646823 -0.06047247997054361
0.49411627547000325 0.9750466039028097 0.4387782741572831 0.1984104731361065 -0.028508986208859888 -0.25223604659413823 -0.11628289015615922 -0.0751519544535002
0.49463517036506166 0.9749846235331402 0.15731044762698884 0.17876485268342723 0.11455217663208392 -0.24796642597645066 -0.1947527000221594 -0.221323893160497
0.5015709500287011 0.9744304143489531 -0.40601382252241097 -0.49893431036803715 0.49983222609247374 -0.23654889098726278 -0.1555996768430301 0.46738821594632657
0.515406516786992 0.9726456798429419 0.4987575367275586 -0.42477886414745497 0.49730864634655453 -0.20933368020451984 -0.12342482340929992 0.15411794214093036
0.5214836147790085 0.9720614052257848 0.41837674585953943 -0.16125008858803924 0.22763314214237917 -0.19760403083189215 0.4628486884277706 0.48149803570567196
0.5248187899874701 0.9715005660904257 -0.40446959606183613 -0.4016313454652728 -0.37535314695867805 -0.1903107985750275 0.47863040256990813 0.32708583582893397
0.5283964092439326 0.9709486303437845 -0.09344229825990036 -0.4855243175954289 0.2822633975976503 0.07436997086825292 -0.18331578891557276 0.24469532115557657
0.5407040724213804 0.9686754026237164 0.38773972837098625 -0.20050281465236483 -0.07423557329991151 0.4282509677300318 -0.15428724421826062 -0.14729924600689612
0.5412342614453205 0.9686082750980141 0.45517418243343566 -0.3567650273299364 -0.24372941963054784 -0.13997312546113505 -0.13331522519013372 -0.19499192661295717
0.5446539163741966 0.9682314271318232 0.34028400090032834 0.010946109831107581 -0.1542920659587863 0.4691574547979278 -0.12594600223615912 0.174335525972543
0.5450816826953662 0.9681012813966401 0.12696665455368195 -0.44654629415301694 0.0046237470424230764 0.02095448940307787 -0.13744149026615504 -0.30224425428064394
0.5461929694515641 0.9678735931228334 0.10234634265803494 0.23889714754683486 -0.05907756097700007 -0.1256239589414151 0.01583379159200271 -0.11788880150735787
0.5467714534322085 0.967574079404779 0.48021272896163836 -0.21885287984970497 -0.18467428036223932 0.21299563866055327 -0.12412678321928328 -0.06810480871361706
0.5489037451987056 0.967107636588481 -0.20262108451328142 0.40999497877587054 -0.27353203205893045 0.05293288482782693 -0.11169006580687091 0.24677941395151876
0.5492328558192885 0.9668037071851385 0.36185337673714313 0.2450280225168191 0.46936396425849325 -0.0969360081199464 0.023741273844273936 -0.021922790199132937
0.5501505029247485 0.9660108197587614 -0.1437827614922088 0.10410082695517242 -0.07549733806175318 0.07641693966983842 -0.08979096618804128 0.39038579352137937
0.5505964286193548 0.965906774955184 0.39413099120574535 -0.2123042077369952 0.30242647139067946 -0.08872828125294613 0.034917595981066696 -0.14388585835970977
0.5516682079631116 0.9656237475522099 -0.44173601412566255 -0.3462696569718965 -0.3331964342671586 -0.07582009671004708 0.3413832007055838 0.33638414810116657
0.5524913653241084 0.9655099351422175 0.48686843963622195 -0.37664347316956914 -0.17468713315899925 -0.0036353629319932357 -0.07768258263317218 -0.24893603268484135
0.5538983694703526 0.9653862519646885 0.1127765869036473 -0.3455964298733075 -0.47779102266112683 0.3708023931348477 -0.10479090442830469 -0.33649872965006633
0.5543791760431682 0.9647286239508236 0.0798456141744654 0.18528781878713096 -0.022017023051430856 -0.07045431157309215 0.33134395208200684 -0.1585662818261051
0.5553843095576021 0.9644948195850163 0.48441495593022543 -0.0820137155404877 -0.015903061608649793 0.20317033411464558 -0.061265983181945705 0.25806201775495696
0.5561333785096086 0.9641860112445568 -0.388420909132852 0.49927589850035314 -0.16406946014988416 -0.056728383268330726 0.22956997088017822 -0.19547753830382417
0.5571570013710745 0.9637419302558186 0.029658527689984004 -0.4975193470941138 0.39060408882088943 0.3332691883662291 -0.05051910728794072 -0.10222711269673812
0.558281149370642 0.963472286159247 0.47937723537566196 -0.4232499710411873 0.4884634457628405 0.0053461631027737905 -0.036411298142400184 0.30667604651627567
0.5582814408159968 0.9634722775949274 -0.45287726608058576 0.17971899999392357 -0.35698520395361266 -0.04143999756398993 -0.025471080388105426 -0.1348226159849636
0.5583134224552339 0.963167875207575 0.4140322989378281 -0.05669681668705667 0.44886173064742496 -0.03356991344578014 0.30805041494710556 0.4685617797449327
0.5583374209666075 0.9631678561324997 -0.4960679877816648 -0.2974284519127521 -0.49698490215136476 -0.028960300409558826 0.28714928941943774 0.4091667556213453
0.5587458583465502 0.9631619693306899 -0.4587548009193936 -0.22103435476505637 -0.22136394451566888 -0.03058538339136438 0.420172264092469 -0.08913992566350593
0.558857332529515 0.9631375376628165 -0.498985607407896 0.05093860545051573 0.04947965845472546 0.3891567020036361 -0.027072293085663612 0.010619264489199524
0.5590077655977709 0.9631153412823384 -0.09421824224735342 -0.1235082360836409 -0.3387949125273473 -0.026191088292037285 0.4316046278169833 0.054685775370344275
0.5605402358723232 0.9626186344965724 0.3589763068324641 -0.3203518289243966 -0.11232397234942787 0.4879922922315455 -0.02844384264696379 -0.16209165168545916
0.5606950790757548 0.9622584118210104 0.49954327459779385 0.03339330450384154 0.2798483598468218 -0.0221239079757634 0.48183106397291603 -0.15702086981831193
0.5608451896329191 0.9621680025819742 0.3530135449084271 -0.49103991655430373 0.4128250682790506 -0.04057178006224682 0.4987773825398725 -0.4680116379836676
0.5611284446585617 0.9621678001526036 0.2896512612741888 -0.06135785321706616 -0.0999939587738149 0.4717973407515279 -0.016167403140306652 -0.1733296203452735
0.5619390020783352 0.96197967047067 -0.17230565643639809 0.2551304708389728 -0.3737790257908526 0.012541955391243496 -0.01387232197147513 0.29150189635399104
0.561940346037389 0.961979667356372 0.49744914354059644 -0.4996663360972319 0.24036678366753875 0.13045838741171 -0.01443169519082578 0.11830302576822974
0.5619747222369756 0.9619796646313612 -0.12187672555526424 -0.028845073666337817 -0.3662177623335059 0.05876773206744926 -0.011844688351514365 0.05742376234338893
0.5622072160910216 0.96197015278667 -0.4771860426416121 0.49795562785132963 -0.23624647280211264 -0.006523786351008212 0.2374490563600757 0.01842954695426352
0.5623923027035964 0.9619676730268811 0.49978414187715475 0.057611266958621656 0.11454681869468984 0.02150807069493954 -0.007026057652104772 -0.19953460780083007
0.5625565078894639 0.9617910070759151 0.3553601876914867 -0.20094468266837 0.20215506853318715 -0.0036918635336402605 0.442760793260537 0.46151420025314893
0.5631140217001345 0.9615413225152774 0.029141519585130317 -0.3917527049893833 -0.4982605258592485 0.4042617260771765 0.013303182219436827 -0.06073669488211081
0.5634209337774039 0.9615002671139241 -0.21190685763231243 -0.3129585547403051 0.43660306824425765 0.005737165097093433 0.17103548588733986 -0.14551196293775992
0.5636197600862806 0.961209617077288 0.49881617375614234 -0.2999351211953799 0.4916174045163176 -0.017135033861805968 0.49977027735387136 -0.49412109893499534
0.5636815756615164 0.9611991954682912 -0.4996259276833389 0.4989130642850933 -0.03532992234229719 0.012674297550232411 0.408562959222054 -0.24834880845816354
0.5637244716333669 0.961104349133168 -0.06528527158388181 -0.49306456753693406 0.17133239317343654 0.17642589116276744 0.006439502005962439 -0.460345805053437
0.5647667060007804 0.9610789434685926 0.1231985865070772 0.24915717847721414 0.4999394306020509 0.009917275107836269 0.14438755451725607 -0.3045299679498838
0.5653640386277015 0.9602482270535986 0.4922597185356399 -0.26678618027141643 -0.49830329326151424 0.03335794386502758 0.4871226593817636 0.49704806493371256
0.565368895288166 0.9602482219928643 -0.3685954056826967 -0.49879443703281273 0.32928925144282506 0.031794852436992024 0.0816107511320632 0.2966392069631444
0.5653912661401892 0.960248207589236 -0.356736898808384 0.05750126090149669 -0.3528175098120037 0.034151538635346396 0.2390080141026429 0.2253509554132552
0.5656655588399871 0.9601424242287957 -0.28919247448738017 -0.49603863591028324 0.21755148498787086 0.3010271154958857 0.017118423336878668 -0.49940479583035113
0.5665230557418713 0.9600148621930975 -0.027802239491479513 -0.16966425800744722 -0.41626116909080857 0.4839033753112705 0.009233750536918321 -0.33154597576869926
0.5667551170628793 0.959554853127197 -0.4530997804652037 -0.19485206557317794 0.3132728743784482 0.4457473647302786 0.03714352786234726 -0.2322389960999096
0.5679179948073834 0.9593770399467023 0.06711810419713374 0.3515052375547297 -0.013995752896615778 0.4916873569994168 0.019033922533369413 -0.38943772788497655
0.568212933893222 0.9592607567305277 0.25066694779311327 0.11618014047895436 0.49965930090435884 0.49946923363813023 0.02216755907608873 -0.4996090520274852
0.568436104290442 0.9587812011624667 0.29453594021642115 -0.49783741380491153 0.4988498575871944 0.48381737390459306 0.051639199352775056 -0.25275056206423796
0.5684391348527996 0.9586068008633016 0.17405169427427625 -0.3415919342037286 -0.09900383643060318 0.2470189826973569 0.05637567490530593 -0.11795396951960868
0.5691566343594892 0.9583513462870293 0.49879553821629835 0.49621090070297974 0.006277174328475521 0.05931484043818058 0.3562364480149369 -0.29632570144928483
0.5694696107605243 0.9582201813978232 -0.49730481560262396 -0.048574745494713675 0.39265591227970537 0.2842312531988776 0.05921852894738844 -0.48038057205908546
0.5700588613101584 0.9580314564956827 -0.478446738027269 -0.25029796446256086 0.18903067645858118 0.3372979885615955 0.05685706779111338 -0.3799977720148482
0.570100273132803 0.9573445334483176 0.4996999087499429 -0.12233479828298238 -0.49952247959253354 0.07931984000966294 0.3320694449434378 0.14190332843075645
0.5701261640484476 0.9570288195413125 0.07932393502651537 -0.4009106588222306 -0.4963203655444243 0.4999586628252586 0.06005924798005939 -0.3382102939077905
0.5705418830223198 0.9568204484794753 -0.019632783395474973 0.3295009595017307 0.447094177082313 0.07285625102430285 0.4064042346870428 -0.49557743506395796
0.5710970668235319 0.956456030065922 0.4999354709356718 -0.17839204500447448 -0.49997905538725096 0.0679815551294238 0.49995080152154037 -0.49980288598438044
0.5722436099774726 0.9561869150107244 0.49869852435125717 0.28479220068905076 0.3738573472644072 0.07595751937953121 0.4339290946385356 -0.49937192587417906
0.5722909453074637 0.9559151376200173 0.4998055357435397 -0.4992386767878532 -0.48895644921812587 0.07502282694929778 0.49973045151221074 -0.49971228705092813
0.5723397928303646 0.9554064672584532 0.4982881111545386 -0.10117753775344668 0.23514227709859906 0.11280535657256519 0.2502903381399819 0.499474935022637
0.5723546071432748 0.9554064645334426 0.22082927729224333 0.39377005394616327 -0.08911794351320781 0.4098196265397286 0.1105739473143385 0.46578756264995125
0.5727633832885503 0.9549793876118283 -0.3054341146765143 -0.02160339132451808 -0.49524419633576333 0.11027903469315709 0.22971377554902278 -0.41109432819895314
0.5734040631514691 0.9548638483235905 0.49987789958296225 -0.49914278875981355 -0.49951612953824537 0.1087321909238605 0.26496620957051126 -0.3928831993868025
0.5734889710785398 0.9542377619199514 -0.4919274474532097 0.2693382370214096 0.43485794156627583 0.12103740993501932 0.3205925300069118 -0.42291802023088326
0.5745230026967094 0.9540410714220807 -0.25864604958207876 0.15284253183741453 -0.4995137128852962 0.48928423088300044 0.107723206796269 -0.4957017932269264
0.5758593042346802 0.9534392216534023 0.49857577242241224 -0.012510216393397737 0.4804435585034102 0.1151966143534735 0.4899072970076392 -0.49949003964207217
0.5765516585268274 0.9533254738650936 0.49956212111658677 -0.49975183836125453 0.49955333405840757 0.4999613476496986 0.11877614059993347 -0.49992168242604396
0.5771761611602152 0.9516863324016728 0.18556381808927963 0.1907988204711131 0.4852486541261837 0.1463472028769933 0.36595941731789705 -0.49801155222586996
0.5778522005703064 0.9515767433690665 0.4998750167514426 0.17296183605996981 -0.4984120199439139 0.1411297616572158 0.4992510023535559 -0.49989401835098557
0.5791710096899291 0.9500620165539195 0.18431783472683333 0.22369831979748633 0.33680695208488454 0.15879141201256153 0.49973083538059987 -0.39535405814635005
0.5792753877190353 0.9499490496758363 0.4999179928831578 0.15052697318683939 -0.03541667738961907 0.16037925219238597 0.49347271383446123 -0.4997022052465592
0.5793225654547788 0.9499075964229124 0.499914134928253 0.19715579895202745 -0.47871485675766856 0.1770833215383619 0.493974040192224 0.49403346455079244
0.5798300817928468 0.9494299102122308 -0.11650606098905109 0.2099204625449882 0.4027347218484022 0.1768819053673451 0.3090791315727665 -0.4975064825022065
0.5802489432830816 0.9492404857609003 0.38934511625658674 -0.49992847029018017 0.49975777056926596 0.3463022590816551 0.17576049823264503 -0.4470181687214312
0.5810078582091999 0.9487253341558942 -0.10814491555531278 0.09145951200688485 0.4996324487749818 0.18330714607979526 0.38186744964468905 -0.39037909854346636
0.5812434209578237 0.9478265664365512 0.1142730682771454 0.4077201511856525 -0.1855945697983856 0.495878162334704 0.1973396323591588 0.27206379180994444
0.5817996676086741 0.9477549800146757 -0.3974184911939506 0.07854821213084762 0.46529326881683036 0.331119820494185 0.19548726602483482 -0.28211688395277307
0.5821366009004177 0.9467671149543324 0.49915796548395047 -0.030835298311796388 -0.06087838096774331 0.20736386534054851 0.4444474239921393 0.46376842915210115
0.5822680489779968 0.9465779820791529 0.01962035609668321 0.49986281813647915 -0.49974775724675247 0.2582303699622571 0.2102217464534269 -0.47151096778413903
0.5824047109500136 0.9463136984680276 0.45173258642923997 -0.11392252301315384 -0.057621080932023866 0.2981076005115501 0.21007589929824755 -0.4989426049147026
0.5825595840248077 0.946088966441605 0.3184799006997331 0.22632405205485207 -0.13128704589317108 0.34000084204181275 0.21004760990629665 -0.3158629157145721
0.5828223600796824 0.9459560482026202 -0.29410536689368916 -0.2762209143756835 0.34307999555949087 0.21747683414381389 0.24596637674820013 -0.28527400733061636
0.5828458409312821 0.9457417319458857 0.07627722190641906 -0.09769847735391571 0.37877546955188524 0.2565886412755972 0.22107458225663454 -0.38046679105673925
0.5832021962878022 0.9446967237992538 -0.4996022916583291 0.37642290537124756 -0.49762535830626536 0.2258802604978098 0.24145302158074544 -0.49634191760172197
0.5834438096556764 0.9429745532045015 0.4105649771297023 0.061966756225521946 -0.41659164660321324 0.240283996542761 0.29816826760776916 0.44973591862488693
0.5835283814099818 0.9422597478470701 0.32691036222017583 0.16219045844783103 0.20403594594624955 0.24665189575126978 0.3119034121560592 -0.3145159007833637
0.5835319038229558 0.94103967994867 -0.4998727361463184 -0.11072053099103141 0.42291814623317525 0.2683603400081685 0.2583204147585461 -0.37392949274251785
0.5835361896289715 0.9410396709950632 0.49599924834217796 -0.14690468735006515 -0.21743349880938218 0.2626593168387595 0.47567550730808444 0.3343936006074186
0.5847888754164443 0.9406552965491614 -0.12654048484849958 -0.32462180297324483 -0.12085828988872213 0.2547850066044884 0.4108701767962472 -0.4291986988692287
0.5847950621845561 0.9390183899838487 0.4985747302161621 0.10287873427376515 -0.09109404519833164 0.27325753628373395 0.49520816470094353 0.4794335742769937
0.5858577203631732 0.9388968467183384 0.05912917793756001 0.27338023225750224 0.4984672323483726 0.4003849278931795 0.26652431770915835 -0.2000048679537112
0.5858798268899291 0.9381898527988858 0.32710256130374227 -0.12605991997737218 -0.498739674282959 0.26882391336451755 0.3628622113695216 -0.48510307743973824
0.5859015091887864 0.9380354497965178 0.12696810993138613 -0.10473656831142698 -0.3562723455831782 0.26611382182264787 0.4079019998100419 -0.3529693726168725
0.5861301176082021 0.9377630452640493 -0.3469335953558315 0.06467706260123537 -0.4908752396125484 0.267828034464229 0.44199600586272714 -0.4996373142862799
0.586130977626504 0.9366136415660269 -0.12951722791866843 -0.24128138658590928 -0.11024384660093695 0.33773811840593604 0.28302453233071767 -0.3709592049766775
0.5864827020311469 0.9358181832866441 0.3064138234409106 -0.259820347168348 0.2980219622061918 0.4140449913392748 0.28424183287557464 -0.33473406466114036
0.587050214804778 0.9349391715060026 -0.48541911380184877 -0.3015194215564988 0.07742486778020598 0.2948932262902713 0.3155265187041407 -0.3029574802136053
0.587164785891845 0.9342976817844155 -0.46098620510750865 0.15935978992250832 0.4726632206416649 0.29056124693532603 0.4592994993141858 -0.4229361549457362
0.5878752539085251 0.9338905562237029 0.36870628119641835 -0.15202320178164697 0.44063628919390596 0.3138229865185927 0.2996081909570432 -0.25479918514219735
0.587989997398886 0.9338629436897015 -0.2253555926411136 -0.4707229262885059 -0.03431908086446368 0.2982412049970179 0.327129636853401 -0.33080877285082294
0.588253456755081 0.930902064955109 -0.0908849761113078 -0.09818650043425126 -0.33979945526365835 0.3093198714986666 0.49883281882060704 -0.28283472856071007
0.5888033452816763 0.9301145644857113 -0.0648707619841699 0.03607751988797729 0.4994218549908803 0.3124363151926117 0.41963794659612974 -0.3131471153978641
0.5890323358451168 0.9291664682323566 -0.2831539741872032 0.1761332642712249 -0.4989127826777505 0.34330996504674693 0.3221048846101679 -0.3492912396107516
0.5890542117690487 0.9266533753332702 -0.19870625960102353 0.22169661452461986 0.49974336854602913 0.36855668830381455 0.32682101627276644 -0.3396130995213226
0.5903384086266142 0.9243164142830412 -0.145398906077146 -0.07267690696942272 -0.49929564893060735 0.495600298153631 0.33205118062855 -0.4996088749922868
0.5907501076065007 0.9161251576870783 -0.499521821351106 0.19765196329967014 -0.4995337036620283 0.498994827313841 0.3638160137594576 -0.4862473383109037
0.5908379797730416 0.9151481451767186 0.33008377569451675 0.17905484074927583 0.1568866738443004 0.41753244253508526 0.36704077025194715 -0.32613937698188933
0.5916765571938482 0.9121163904694837 -0.2892261485468592 -0.05875051553306389 -0.4992593743732947 0.49881068855908833 0.3747890843342958 -0.49511057642275375
0.592112834947029 0.9103144658170425 -0.44870922799355173 -0.3198201261038349 -0.01706038574678935 0.37717679386544445 0.4503033165400805 -0.3838754005696932
0.592651670808424 0.9096950728183972 -0.04450227966274567 -0.3564654499123311 -0.02091396109509243 0.38105837354776145 0.4332014039332086 -0.3956561948115353
0.5934970879629765 0.9074324539544938 0.4999718535348306 0.1922328744223174 -0.4997672812173426 0.3895475753604596 0.4999868219405421 0.49951037912129365
0.5937943653831138 0.9069138890788708 -0.023817527925986355 -0.005632979273486478 0.49970152547954483 0.3900921593147161 0.48045122623488273 -0.2547997326413472
0.5938511859045326 0.9011004465051193 0.4999370803395053 0.49863249082357386 -0.49103704605634446 0.39537162897461164 0.4603758910678019 -0.49959741415283515
0.5939020344868108 0.8993403453177776 0.4997944541888028 0.06839222077081406 -0.49687330286983494 0.39739745143972294 0.4978717113993285 -0.4991769033520508
0.5948218461130008 0.8984067433966397 0.38267219044030387 -0.4876136175916337 0.49918984169878294 0.4985922973118016 0.4029572580775788 -0.3696258667276297
0.5948573958347113 0.880057521426782 0.4273441786780219 -0.02531497877276342 0.0811631007619601 0.4618939446124368 0.43078867448883046 -0.4779550204923535
0.5952511125048753 0.8762797039315832 -0.1750248502675768 -0.3266642676407115 -0.10484332905340378 0.43483787785261285 0.4741771719268773 -0.4202692639037893
0.5954596931207607 0.8541135979337386 -0.49933676694108353 -0.29804318102383714 -0.4972568122418188 0.4544856043613824 0.4995213139133272 -0.2905494054656774
0.5960816856587463 0.8494671482238719 0.2885173454169058 -0.17287979986171864 0.2841514664981365 0.4961098604179127 0.45286138047917013 -0.3029816089669449
0.5964139271920852 0.8386293094054406 -0.49876693428702257 -0.3598018960597892 -0.4999978416367093 0.49983762714044355 0.4579335287713178 -0.3424767916868215
0.5964747503218953 0.8350486978244327 -0.06172564334574056 -0.015246434716837388 0.49931904268983657 0.48170625861600197 0.4634350506244774 -0.30228274611461065
