1.746632861901013e-05 1.0 0.20128776521205044 0.04906245306394903 0.4981918096294665 -0.49953072558192735 -0.4998111877065984 -0.4981291080927832
1.873062935590009e-05 0.9999998060231097 0.3115088918659422 0.497655672118713 -0.48783748921171644 -0.49996573420050494 -0.49577658733354835 -0.29300977901968606
4.245780036027842e-05 0.999953670559501 0.12622616975901382 0.04733346934064307 0.35863727052392347 -0.4946421241523025 -0.4992140094960285 -0.4999803096666127
0.0002330404284154988 0.9997805675222927 0.4993556219891315 -0.4966508412585602 0.2608256496079128 -0.19465139520380734 -0.4998891200293075 0.3956592421534664
0.0003423861221713433 0.9995797913539487 -0.1107364250141478 -0.33534755878253214 -0.41238703413842726 0.07448357839419595 -0.49926316184199565 0.38122807887584825
0.00044318359488182977 0.9995715659578889 0.15940934613853974 0.0395790813443965 -0.18173256478409758 0.11936075140365558 -0.49999898790708186 0.366762536561288
0.00046101958764768356 0.9994866479186787 0.23209330503515702 0.08657910346898465 -0.0769235662183276 0.22336865729830105 -0.4999938990275363 0.30325283329107644
0.000545984964025638 0.9994475425655314 -0.19358538735961622 -0.44012039032796213 -0.3712436729261903 0.25029630245352064 -0.49953649500166697 0.3359943723056754
0.000609800233819177 0.9994154165009 0.2566520565682028 -0.13366588207369795 0.18150979919059715 0.26852713643229 -0.4997973827763488 0.40673125076045
0.0008476928224938337 0.999363433409954 0.1152516213735105 -0.41425887299232206 -0.1624131874909378 0.39612850095321134 -0.49995633873473855 0.3864045237454973
0.0008652356942402143 0.9983312598749101 -0.1909852913767105 0.3695568629281987 0.11990134789906409 0.021397104518468296 -0.49979584606388294 0.10186192774263765
0.0009133204515533562 0.9983300451916225 0.15894309165636666 0.15697126633673916 -0.1289780187973714 0.045660371411550355 -0.4999844390655165 0.14114149554935856
0.000918187339159679 0.9982440827808344 -0.499943254408619 0.30386743545219874 0.0031864203212310094 -0.49957962424644475 0.02496668185299046 0.23517875912356803
0.0009462556705301861 0.998171911351045 0.27928693852370556 -0.04922973597138952 0.1501349144872952 0.06327760282727843 -0.4993562046310956 0.1690793474316548
0.0011468431460537863 0.9981210478947102 -0.4994600377891795 0.26598005429615573 -0.2032419830680708 -0.4997580647353828 0.07787842361460916 0.2818238167589189
0.0018499530585798208 0.9980809905029849 -0.4893535236793652 -0.28806133204930784 0.4398169293760517 -0.49956600243486415 0.06878885512672817 0.1919303924037879
0.0019055928000053866 0.9978364368541118 -0.07874420370475813 0.00939677243001659 0.4322679358506898 -0.49993154640856813 0.23029238444003006 0.21083773153148117
0.0019823354891920953 0.9978175776449213 -0.14165737112696736 0.07333733002218504 0.23665233274948883 -0.49976504803998456 0.22846687093581686 0.2563161144532633
0.002356428880643581 0.9977414421034 -0.4091019919309048 -0.33101117964343585 0.46761545906377655 -0.49999398886345847 0.21531757202122698 0.10550350716606466
0.002681333011329266 0.9970547759380136 -0.24119252636080907 0.24973778105594133 -0.04776221087790855 0.49973878992218684 -0.499770079893567 0.2445560691455045
0.0035783280594151785 0.9969728354440707 -0.32269192563379917 -0.23817199852760848 0.07341623894705027 0.4994730599739613 -0.4996361121198177 0.283612285156038
0.003768338484992703 0.9945142800023646 0.22943405776944914 -0.2644410401490198 -0.03567863626386292 -0.48045085263747433 0.48983224851140406 0.13741954931196643
0.0039733524487596 0.9939395520811112 0.2868143053000546 -0.28246131510804984 -0.07839399817047363 0.47896612880738265 -0.4715665564098339 0.23452833839498838
0.0048559479301333135 0.9937910744101369 -0.1380784281947525 0.48193792066200275 -0.14261888560040215 0.4945256941900969 -0.4731796509459336 0.2369746388894038
0.005083311830628737 0.99320386640371 0.3709344477646079 0.2591929473761484 -0.496574433874855 -0.11618811633778348 -0.4815933605713781 -0.07878312701721665
0.0053818049041978455 0.9930843591813143 -0.49353606108867937 0.04548097401879452 -0.4588115970138592 -0.2944961386953991 -0.49770928712335005 -0.15969616006897103
0.00923834288190049 0.9924798709375846 0.4813972187970526 0.09739823951227525 -0.4990578606624973 -0.49927761793347925 0.08106054584650282 0.006394036119414331
0.009710731471278062 0.9920666345968812 -0.4867064872982496 -0.19784554091484274 0.45260662018096964 -0.4681780130444681 -0.1506317474518295 -0.009241393274988338
0.015947037242871193 0.9909188857510096 -0.004123188316666686 0.18878584224476558 -0.4598755863783545 -0.49993055480826737 0.17263383018066197 0.08743094173061278
0.01704515504600722 0.9907687782862024 0.00293879304344535 0.4998536290020532 -0.49206980711822274 -0.4998484437584009 0.17584460376070948 0.0793067622586752
0.01710034372528156 0.9906436112060991 -0.32484825325603034 -0.053716497347753085 -0.2678456837362183 -0.49910404858580387 0.16138168895280844 -0.0766427812187359
0.017130613238791212 0.9903464871042559 0.39645628416153744 0.08758401886796344 0.1831668935052321 0.09243141957578563 -0.4862985736437043 0.07425252927967127
0.020297705992439442 0.9891686194666147 -0.27805943601009425 0.3750605908894431 0.3633306339656514 -0.4962661568850254 -0.2921649654183034 -0.4972089841765285
0.024393136323866655 0.9888478472541112 0.055978877005302505 0.4190000650857638 -0.49699986021541126 -0.49731261712786295 0.2590862462969903 -0.08148696057377092
0.025200164332904496 0.9884292614187248 0.03741220602806339 -0.1381169369051065 -0.22374488629918093 0.2766332713536501 -0.49736778735334275 0.025142128025805816
0.029497492960723615 0.9880863304501254 -0.18521697102933204 -0.17322950410100563 -0.17987712705549175 0.2940164186144322 -0.49937935741430783 0.058317598334427595
0.031578806330980334 0.9865385698320291 -0.4764190342297224 0.476896143835699 0.22696467724600788 -0.4237831033817422 -0.17255292361182095 -0.08516030479024606
0.03848991257414465 0.9860092980673141 0.13965438704873384 0.4819630267176114 -0.25869409381691066 0.39764984753131777 -0.49960568740925904 0.04127453583715915
0.041361320612260624 0.9856333215836228 -0.025358663122475117 0.42232454091136096 -0.28472194137809614 0.15562200360249323 -0.4599284382266317 0.07730591655352811
0.04428207237826972 0.9851150936991849 -0.23621963601911547 -0.17684876329616878 -0.1397793986183667 -0.4999987031959808 0.41597241595097006 0.01708014041685134
0.046820658751770466 0.9843845930240637 -0.3680877879540178 -0.15619229861028358 -0.25950993984428083 -0.49467408851739825 0.3932156345888165 0.05786808295752659
0.05058200225759889 0.9840491782720128 -0.11025469162980187 0.3226680437846137 0.17765776729602883 0.2200701893473153 -0.4615767659967792 -0.029134111869049906
0.05704970689226674 0.9825943217217038 0.349685378928167 0.4660125561575515 0.3458827112666125 -0.21019951421865005 -0.4998554216639006 -0.4930102307041036
0.058785324530244806 0.9820055766423975 -0.16495143152347863 0.2233464899927981 -0.023936368857145035 -0.07937537980845194 -0.4100738388512384 -0.03189423516426167
0.06045804675115013 0.9816497337960667 -0.43802055460566536 -0.08226284885238219 0.06056150653636489 0.4959426094806986 -0.49881233835673233 0.006456012494042235
0.06789899167861427 0.9811481859844327 0.46151123828839785 0.264904399966231 -0.24919690774371567 -0.4997343067994093 -0.0659788552750682 -0.15951666785903967
0.06836284295356607 0.9806016006183896 -0.25809020340315064 -0.38604431786744065 0.4998699747678465 -0.23039319895239882 -0.42355424322322294 -0.16498329988575736
0.07000080509538012 0.9805948424635287 0.4365132740808595 0.22832196102831515 0.08955025452021292 -0.46223010276698734 0.37024885821393705 0.014518521514642245
0.07713665877767581 0.9802096016435529 -0.08376645648694483 0.409405867244194 -0.3492743047958654 -0.49769296072593977 -0.056953053957293276 -0.2279544355540745
0.09613648509585468 0.9776169123460087 0.3174730033180649 0.46130941666477665 -0.4356982872867526 -0.49753631576210827 -0.16683656270549632 -0.4067182458185506
0.10551712530197135 0.9771067310109376 -0.3869225242679674 0.3904397819129321 -0.2412778147032624 -0.4981391160186606 -0.15769996170648587 -0.4954359173970381
0.12934051544794625 0.9732671446836332 -0.2628895975849185 0.14664174961739337 0.2034382370605722 0.022082874198877153 -0.49479825667200966 -0.17380314381490336
0.13201380674484206 0.9728536305680227 -0.1427248878424508 0.49202773747742323 0.4676020591522959 -0.041721701751844156 -0.4619590541278217 -0.1330837210233468
0.15208753972267836 0.9701695288849783 0.19021379230451058 0.10480258877024519 0.14852659746992963 -0.10143496532591478 -0.4998801191844654 -0.4965253877925308
0.17313599083038808 0.9673312322560924 -0.16710154191540016 0.467869408298937 -0.15069889844810916 -0.083820372085567 -0.4963018282645821 -0.49856860030576117
0.18498726354560854 0.9643455426750034 -0.002386485298949706 0.028156496843289112 0.17514278719846085 0.1246872311130367 -0.49808237054548027 -0.23988389218475706
0.19358709993722073 0.9638310391468607 -0.006602612155729489 0.4727453004677545 -0.4686849396690165 -0.4995583878391926 0.1329216301364362 -0.20669459628709563
0.19759959026476187 0.9623587964478668 -0.3220114357568792 -0.21756708433740102 -0.21717175136284206 -0.39640242771947587 0.42886806899465935 0.0537390304425569
0.21413137657114686 0.9600324824234562 -0.08568027917166865 0.30251738434088005 -0.2306289319010438 0.16446511725161847 -0.4974859291707183 -0.29901270911435673
0.2317183059302245 0.9586456291275162 0.011035070152589765 0.3228138527902328 0.4985258867615404 -0.06073390446663906 -0.4680920002950556 -0.47807418603330964
0.23470310652139478 0.9573612480034585 -0.09449270534310637 0.14276216536289818 0.24475510833316913 -0.4887201121042455 -0.026970283047360377 -0.4983005685773984
0.23736257326340562 0.956769691423103 -0.04251231749544087 -0.005051948854550571 0.20882940234843617 -0.06426749302233455 -0.45679530365287035 -0.49950845093255847
0.24203458383864945 0.9566764936743036 -0.38492022886873195 0.4895747027584073 -0.03133511430646496 -0.49893139455150215 -0.006904143106902617 -0.46023926938399723
0.25818518445178934 0.95394481372754 -0.2684168352191716 -0.01011532747368768 0.4819084252817294 -0.4923750480972644 0.0015338214949137813 -0.3561634430337625
0.25884631357853344 0.9524345131506068 0.42098338124641976 0.4550086842764052 -0.324844221318885 -0.49996948293493115 0.013533020761825332 -0.41976243581565603
0.2668976676120782 0.9518673898993639 0.28766642829937566 0.42864750779537203 0.37080390035066857 0.01931530354041046 -0.4997481375566858 -0.46363666211153404
0.2722615498678168 0.9508154357649001 -0.027641678334034345 0.05766288162429038 0.18412522550870328 0.025160433193695906 -0.49884427764793016 -0.49915755937068945
0.28325603425035306 0.9488865745695764 0.0818826544124954 0.15214561272610444 0.3500548951604912 0.0340068258304502 -0.49703482772904645 -0.4958682855706093
0.29663030223203785 0.9462035975645424 0.005495987849428875 -0.13708160628518573 0.08838491216622624 0.05064731086725255 -0.49909504597019644 -0.49750890554412497
0.31034444518365734 0.9426265543029252 0.1379552775713121 0.37644106937732846 -0.46744331642339754 -0.4307462679463993 0.16355512064647895 -0.19074709513865473
0.31172398225480835 0.9424413816356435 0.12002664425330294 -0.05868370000561343 0.3044777236345108 0.06794802691112428 -0.4963574311040806 -0.4769399360630548
0.3164730635944502 0.9421586587660961 0.1101699542104381 -0.16636703712472578 0.0882228476033716 0.06168392662960655 -0.4917804766727064 -0.4217565360544551
0.32287740734772186 0.9405844777196222 0.016397127599755812 -0.10863320133164084 0.1832348457452863 0.07757856798658874 -0.49620483751635563 -0.4954090109592085
0.3292730186467946 0.9396287621156914 0.08139092340435501 -0.07630914881152344 0.13570689446497275 0.06513351637847492 -0.48359344709461793 -0.49517533624469035
0.3372747592166495 0.9380518308648657 0.040930373040335276 -0.1197477376665675 0.07895679336511535 0.0654333212537845 -0.4774326043717213 -0.49667965964934147
0.3442308316103507 0.9359132344845386 0.3624395548677066 0.4179364844987762 0.29273595367218186 0.04294975425020178 -0.45159286767001644 -0.4992134655612795
0.34803526526019296 0.9348343218298032 0.009907586886802128 0.3428734069324387 -0.4196066964767754 -0.43114973051237193 0.22251881716614036 -0.20434663549840457
0.350686695057131 0.9343265190393619 -0.06561271288010193 0.018125815719669956 0.09452596052496635 0.06933172956624821 -0.46485095627676076 -0.496331451305456
0.3535608285893122 0.9330651722830833 0.025446494420702 -0.10670810997757874 0.08359598102998264 0.05685184337827172 -0.4509578374516566 -0.4629897478655066
0.36002580137840295 0.9310601666233013 -0.005046614461744467 -0.10593040571259629 0.0940209919974165 0.06402552579220633 -0.44869874929359516 -0.4919380183538938
0.366438170179089 0.929839505355919 0.2256817117421928 0.4931450886282735 0.41978452107921604 0.10577151465986545 -0.47668284636453634 -0.46640185256241407
0.3674019446623172 0.929210162077317 0.07300465026554209 -0.1446638859482806 0.2098689048377771 0.13232370844510907 -0.4955153150515223 -0.4084530399347905
0.3794720500527844 0.9265906884507489 0.21839779136816356 0.45439764100816793 0.33974116383193786 0.1450089405915235 -0.4959392066239228 -0.45893140304846763
0.38584143719451997 0.9245867609145236 0.2397773710074119 0.49940140925255505 0.46377364261715726 0.15012737795575448 -0.4925960654725235 -0.49440246211506167
0.3924291616998173 0.9224373309248687 0.2152042787422701 0.45543516532617306 0.38373591760124687 0.1207417698046265 -0.46134808727240495 -0.4912325451809986
0.400873828196781 0.9196103679777341 0.09930733299747468 -0.14452341390052925 0.17996539094790087 0.1586177764595589 -0.4816686718562315 -0.48705182385878143
0.40455856753867964 0.9175167916938959 -0.2515466727819945 0.4307376005825192 -0.46777595905610014 -0.4498369680991481 0.12824390339666314 -0.42347644198972567
0.4084481085726875 0.9162366633191829 0.18339469603423 0.4426738656445265 0.3277325429029847 0.1396308173687047 -0.4546244737353751 -0.4993636411272342
0.4157122034475245 0.9126793040564941 0.1647114672740817 0.4087472792071821 0.4849300303682026 0.17712696172839254 -0.4714702361422205 -0.4999232195498887
0.42067616489767035 0.9100128368125544 0.13419973177892233 0.33211114674249914 -0.4999869129883824 -0.35306264786694697 0.2019001637855353 -0.10898486038729013
0.4241295090895578 0.9094425047955907 0.026642929066888393 0.07048601025971432 -0.023392518451961324 0.18373748386047395 -0.46753510835151185 -0.34218157380786257
0.42593895012255567 0.9088899527003996 0.2258430500634493 0.49548045895168225 0.4977517833121494 0.19473148034551432 -0.47302172379397484 -0.48056132275836455
0.42682537155371475 0.9082697135331709 0.03158883004451924 -0.15572552336621104 0.1746683325949265 0.146516308195107 -0.43349450313630966 -0.49882081201653344
0.42717862634623505 0.9077960937383065 0.1884980912437676 -0.08110533713205037 0.38292472850597475 0.17455656590871177 -0.4535581107621315 -0.48123441675206174
0.4298964819718896 0.9073057325739409 -0.02826690536280633 -0.07585693759903207 0.07944541655205681 0.14656182014864969 -0.43070421867786524 -0.4902763884390153
0.43004523433639746 0.9064899518987319 0.17229933966144068 0.3528362974532538 -0.4648218948451444 -0.35846875347371343 0.23651957717711697 -0.19497397527697813
0.4407756420588034 0.9018503699596503 0.09794682098788947 -0.1055215351843277 0.1627564121563751 0.10706874126474981 -0.3848451964945077 -0.4985029178811154
0.44377679009354287 0.8998557529262096 0.34123551759944404 0.43695109847547586 0.35750962646776885 0.06028336105208831 -0.3457070103751877 -0.4927788474424146
0.4512346570750001 0.8975489370708665 -0.06383524071471794 -0.0891078275374311 0.19682525437276022 0.22318538647570255 -0.4584251390411306 -0.4281837643790523
0.45328865773672816 0.8955032858814275 0.09225513074634319 0.31713272846068596 -0.4742651120767767 -0.33419846363299444 0.2418084118776549 -0.24159704462428994
0.4603690078887535 0.890620859229877 0.26438000654163685 0.4300093698725488 0.39095374351644135 0.1131478853124228 -0.3569338651430601 -0.46790533231712184
0.46733286250971434 0.889349385716059 0.10997424619588746 -0.1253397172905945 0.29149098581740235 0.23057897922174397 -0.4403274223608534 -0.4986385700137584
0.47429710209955767 0.8851306432358763 0.04100485955161762 -0.05312307250363052 0.23535233662484983 0.21712921620507886 -0.41784808984783095 -0.499445555477224
0.48198932070222805 0.8788802496543411 0.07025587714673329 0.06913704932954419 -0.014967835564642432 0.198173587377259 -0.3881384727980208 -0.40204307324317046
0.484187351532898 0.8777406676235083 0.031032370821837574 -0.08835817922383288 0.26461736999311347 0.2004929999089603 -0.38472810160393045 -0.47973147913976455
0.48632270670386096 0.8726326667979474 0.13599173079845644 0.2892168902135994 -0.4611067103559283 -0.2987899958670139 0.27766228140268484 -0.19435397805365598
0.49026104260741166 0.871851857440398 0.4995128432228959 -0.0646179414559878 0.20402368978005725 -0.31595759382891564 0.32608676756043675 -0.22002150306631957
0.49566623256537723 0.8684090240735598 -0.04890185956757044 -0.15463029047591414 0.21314310108798404 0.23768146222582753 -0.3872808101988923 -0.41863192106757263
0.5010206472433956 0.863779035455569 0.14643010892297914 0.4957998866887422 0.31584107908323805 0.26756550248777744 -0.3988539887546917 -0.4921712593572138
0.5071733950871211 0.8602082898476748 -0.043879783996175314 -0.09431326818318406 0.19635204085791402 0.23994067273137362 -0.3684830514051049 -0.4982602304660426
0.5104457893183532 0.8568150901236864 0.25353365177450826 0.4926365179085206 0.36670498592446515 0.22549154332745375 -0.3508403377455704 -0.4978617648926469
0.511040730215971 0.8563469137083201 0.045328172577484324 -0.09277812830282199 0.31092167011038396 0.23377676070323042 -0.35454900529432826 -0.49966903593177525
0.5138008182922343 0.8491280439470971 -0.05279975830227396 0.10197946452829146 -0.012415729261822633 0.17744602121396283 -0.2987828486672852 -0.41603441932289176
0.5157298987109539 0.8486231589570409 0.144051023233127 0.391018228507442 -0.4489946803428815 -0.4225265401951864 0.34324148425480105 -0.49926444032049283
0.5195092364790367 0.845159001710643 -0.004922641658287839 -0.027628544175766587 0.1031077493714445 0.1907581235125193 -0.29873294748965473 -0.45619480349981867
0.5212704661352303 0.8427448956854142 -0.011688361750088541 -0.06216582335055659 0.22197799572323598 0.2618115417717705 -0.34277262416549675 -0.45111196902342654
0.5213064891546175 0.8409273221357331 0.4987869057064966 -0.13081641712436107 0.24360479844216237 -0.27651727041995916 0.37917713691420135 -0.2898288369459519
0.5236254319533016 0.8391082475928742 0.2168946393438319 0.4857628683360759 0.4391756688335968 0.22081121427227043 -0.3059664398413283 -0.491348769694054
0.5287474530725591 0.8333413592564909 -0.14463400375860985 0.392559907314531 -0.32845682786896296 -0.32131838109391453 0.2592397293055805 -0.4792470430513158
0.5301116437790071 0.8327574721344273 0.4999517385656685 -0.027562922087068342 0.2169836915386607 -0.3476675047229922 0.2953770354149335 -0.3343397815026733
0.5306011411912399 0.8291423539249045 0.02720581438534498 0.16772530104720654 -0.03317171183522726 0.2700055638268109 -0.21249572718982018 -0.2535853838271461
0.5326033672566443 0.8233900282095897 0.17590249782232195 0.3124938736944007 -0.43775596300602965 -0.19595680574641833 0.249106053130361 -0.1445605409218514
0.5376428586545939 0.8213769127639746 0.1047377498231088 -0.11875874829489119 0.32118006521778497 0.29924188248283407 -0.32263678512889443 -0.4995411141659512
0.5388691685446118 0.8166315327252482 0.2756288288885076 -0.1184120860905083 0.19518281758654038 -0.34224188894831453 0.33754780598263356 -0.35970185838521096
0.5391417988448286 0.8163792362948186 0.49373606226964695 -0.1327963011057791 0.1751857245180572 -0.3658111199933262 0.3685258568470948 -0.34131472642594235
0.5402918186684624 0.8155748548655498 0.0674758782146383 0.3262089746696143 -0.48514918733205026 -0.2207349348326495 0.3492044608876812 -0.2424272162045944
0.5441959101268896 0.8108167037763144 0.07495278787335478 -0.0681131280126326 0.2544062665841839 0.26927947068936636 -0.2793746384439123 -0.4959596461581651
0.5464973032732453 0.8035627176027179 -0.009073960004254086 0.019660762573500322 0.15521983758867197 0.23247270557801564 -0.23941968666098296 -0.43829711938115795
0.5499455091834855 0.8020306939417846 0.07098407798758728 -0.11414219635187053 0.31122039679586566 0.24699425808438746 -0.24604900301022753 -0.468049556934255
0.5533428594807182 0.7896303026219617 0.36861379992482757 -0.0565894445067511 0.17317974432242642 -0.2705196831420404 0.31352875751177695 -0.41683735058749083
0.5537229750073271 0.7863948305509423 0.07101219071341343 0.3081398593238008 -0.4725657457243783 -0.22774738491301855 0.2589055541961987 -0.301901375315014
0.5562900655023172 0.7829828988666034 0.12063435934396048 0.2948624514862912 -0.3270031946301123 -0.2731053687319783 0.33356926454404506 -0.31121267949985626
0.5567468553402319 0.7801112894224709 0.4997773817415634 -0.08562933548549843 0.17941859093760873 -0.31102053533137725 0.39519836154642163 -0.40572618480031114
0.5593602771884555 0.7776811682772184 0.060174570171476496 -0.038940833808392944 0.32632536467794143 0.3393552292335903 -0.2628635279442544 -0.4901261784159767
0.5597278578333762 0.7706055919605974 0.19156612572573206 0.20305057092672912 0.35255530017054987 0.3134221180377279 -0.23262126824909043 -0.49569842118408525
0.5640336810444091 0.7618770233387552 0.3071137248714742 0.2878257271056518 -0.3612856989393905 -0.2920663478847444 0.41380262578555527 -0.4955857551821846
0.5643724360341364 0.7587147756040862 0.4429213076007714 -0.11953831476765886 0.19196708508024538 -0.2642749768816573 0.3865360538312172 -0.4005891218701322
0.5661910995828825 0.7496871450512659 -0.02425480048136388 0.09847859702009534 0.1534384142203066 0.36612072405513674 -0.23085742159028422 -0.49320159215956705
0.5676549415356413 0.747702200869441 0.17039754819017727 0.3069134486431088 -0.4173805493645585 -0.2513935510347375 0.39350074103071686 -0.4980751543458878
0.570078558563599 0.7339876696548991 -0.15576786282128174 0.11088331979559356 0.07235796460608612 0.26777145215256565 -0.13691595803441603 -0.4495141312992003
0.5708588493341005 0.7257162196018102 0.026042295842805836 0.016070259510099896 0.44197688956620607 0.29765988447681846 -0.14275038833275924 -0.4998577148668754
0.5727057715949788 0.7248506834662645 0.4946379923106231 -0.065906939154901 0.12474713878743018 -0.1940825683580454 0.3698016529478315 -0.4379504022181949
0.5744935559232207 0.7021788480205104 -0.17233492375700782 -0.0592945659929327 0.02960993807243384 0.40588111187819415 -0.177846361861923 -0.4533542032749199
0.5752112839260142 0.7007569237027892 0.2069561114625202 -0.14279127251880347 0.1735706238925414 -0.19515174843627198 0.4307651573484416 -0.4881461938999966
0.5763961516201519 0.6976358793753139 0.03353011143219446 0.2275580753107621 -0.47792821904755556 -0.15493749482304287 0.37544298860425473 -0.3693002259822459
0.5767974774523384 0.690623367273479 0.2018223982828075 0.49848019443539743 0.43405200422448276 0.36836136503301625 -0.13527385838536282 -0.49967252380402566
0.5774747628096222 0.6866954465859708 -0.05038698396101099 -0.071326362683522 0.2628111314407327 0.33668596589716315 -0.10721754624194549 -0.41451850006021834
0.5778191050843487 0.6747770672771978 -0.08188670802692799 -0.26066068763068495 0.30683059447706773 0.27092251583858445 -0.04615939066698035 -0.4895891079930863
0.579798231849028 0.6678459416713065 -0.04834387641873755 0.3044125313904238 -0.499303930725993 -0.1662479201194847 0.460497267111524 -0.4714746986876639
0.5805990220514916 0.6635271587135394 -0.07749895339423332 0.2143198386325166 -0.22108658302447523 0.38683887542302353 -0.10834173851589327 -0.4796623507412035
0.5812213052920765 0.6495505406669566 -0.19617507817076227 0.09446763811934698 0.3223793200152659 0.23249157731046907 0.014315267823614686 -0.4085533140973587
0.5818848448508886 0.6438771938064223 -0.20477924830209376 0.21427210230641458 0.4555837516361321 0.279433463554899 -0.006478254980732345 -0.44537419613965007
0.5821276208484794 0.631802490461459 -0.18701555261294267 0.3786999833209926 -0.49359741141441416 -0.016448436695376822 0.31662241558798615 -0.3302955505343566
0.5836540329955439 0.6180425954233786 -0.1999551064295334 0.3436721501966138 0.39494655259625855 0.4122287982006472 -0.05565406737939105 -0.31999758422530744
0.5855843728943972 0.611886899419959 -0.18953918213402413 0.19083585949489337 -0.1845914055773228 0.49891719053840355 -0.10825149083928191 -0.3785418819819967
0.5859175837913376 0.6106236319045119 -0.19900837728681012 0.06108652643105593 0.1088464364199391 0.4195040587303929 -0.05156577994947402 -0.49751140752447165
0.5871195192885409 0.5713547764122096 -0.2190688209524844 0.4202116535780992 0.4561844790231677 0.4724420627195653 -0.0321560171787002 -0.46441898918813246
0.5875219571851528 0.5686441821413842 -0.3130615974293921 0.26098810022702956 -0.44576760073276434 -0.03955252521497479 0.4841909328432741 -0.4816120295723869
0.5892319500138683 0.5564965745219395 -0.09267827389321592 0.20785832957400674 0.3438593467713993 -0.009324714023060121 0.4637316086675567 -0.44598511624427406
0.590077245885226 0.5152863125729048 0.15660163014619013 0.30788680219557873 -0.49969287028866904 0.34329238389949723 0.18926957587035423 -0.05175397701390119
0.5901321169973034 0.4851874220562786 -0.003313548271351822 0.14748929184425383 -0.3878629196307016 0.21956050956573306 0.2724774716315441 -0.00791343316251459
0.5905135315539913 0.4813762292902809 -0.315356266854417 -0.454893370585021 0.3055114327722286 0.382837383802192 0.17592441097091216 -0.15602132885327147
0.5910142946441935 0.4757146579908542 -0.27871955810421695 0.11611773821047836 0.058913600167825944 0.06577762274161117 0.49994066820347793 -0.49590262796379514
0.5912099778991811 0.45076595982526235 -0.13978767764970862 0.2076530808709009 -0.39596888063211516 0.49967510803504145 0.09011623158855978 -0.3125319195271098
0.592162840059747 0.42974009976469674 0.033198304711603635 0.07309858779316201 -0.49983113858714934 0.15681592511529877 0.4301198107176478 -0.4989330189492476
0.5924112334003269 0.42280729625870384 0.03283092514381829 0.49556351225755424 -0.1619059235489635 0.4784724602179084 0.19463751174598146 -0.1662081863294137
0.5928197979224716 0.3674859798032992 -0.27678130687759184 0.49932523846859034 0.44102541086157443 0.43971570268780774 0.2580489192313309 -0.18095548654737348
0.5931053468273595 0.34303708016574386 0.109638077849841 0.3254013890355224 -0.49980454720745393 0.3584857556047923 0.3047256137394418 -0.13704390229485786
0.5933543793484451 0.33929886538544574 -0.23843879625227615 0.3730830530073319 -0.31363939508735894 0.28326451006659603 0.3827522001552043 -0.4679826234518982
0.5936793984055134 0.3240625230052955 0.021445503552878664 0.24762154902055455 0.11149731902357773 0.3999623518833356 0.3238482489555067 0.07203826133081348
0.593840328691237 0.2884380587750436 0.11482187649430034 -0.002261614723597344 0.4048513932574648 0.3079155591094365 0.48359423028421267 -0.2502678511266561
